20 undirected graphs in udGraphs.txt.
** Note: Since (x,y) in E implies (y,x) in E, only one edge is listed.

** G1: |V|=10  V={0,1,...,9}
(u, v) E = { 
      ( 0,  2)
      ( 0,  7)
      ( 2,  8)
      ( 3,  6)
      ( 3,  8)
      ( 4,  5)
      ( 6,  9) }
---------------- 

** G2: |V|=10  V={0,1,...,9}
(u, v) E = { 
      ( 0,  7)
      ( 1,  5)
      ( 2,  5)
      ( 3,  6)
      ( 7,  8) }
---------------- 

** G3: |V|=10  V={0,1,...,9}
(u, v) E = { 
      ( 0,  4)
      ( 0,  8)
      ( 1,  2)
      ( 1,  3)
      ( 1,  6)
      ( 1,  9)
      ( 3,  5)
      ( 3,  7)
      ( 4,  8)
      ( 5,  7)
      ( 5,  9)
      ( 6,  7)
      ( 7,  9) }
---------------- 

** G4: |V|=10  V={0,1,...,9}
(u, v) E = { 
      ( 0,  5)
      ( 1,  3)
      ( 1,  4)
      ( 1,  8)
      ( 2,  3)
      ( 2,  6)
      ( 2,  9)
      ( 3,  4)
      ( 3,  6)
      ( 3,  8)
      ( 3,  9)
      ( 6,  8)
      ( 7,  9)
      ( 8,  9) }
---------------- 


** G5: |V|=10  V={0,1,...,9}
(u, v) E = { 
      ( 1,  6)
      ( 1,  8)
      ( 3,  4)
      ( 4,  7)
      ( 5,  7)
      ( 5,  9) }
---------------- 

** G6: |V|=20  V={0,1,...,19}
(u, v) E = { 
      ( 0,  1)
      ( 0,  7)
      ( 0, 10)
      ( 0, 13)
      ( 0, 14)
      ( 0, 18)
      ( 1,  4)
      ( 1,  7)
      ( 1,  8)
      ( 1,  9)
      ( 1, 10)
      ( 1, 17)
      ( 2,  5)
      ( 2, 10)
      ( 2, 11)
      ( 2, 12)
      ( 2, 17)
      ( 2, 19)
      ( 3, 12)
      ( 3, 14)
      ( 3, 16)
      ( 3, 19)
      ( 4,  5)
      ( 4,  7)
      ( 4,  8)
      ( 4, 10)
      ( 5,  7)
      ( 5,  9)
      ( 5, 11)
      ( 5, 19)
      ( 7,  9)
      ( 7, 10)
      ( 7, 11)
      ( 7, 15)
      ( 7, 17)
      ( 7, 18)
      ( 8, 13)
      ( 9, 10)
      ( 9, 11)
      ( 9, 15)
      ( 9, 16)
      ( 9, 18)
      (10, 12)
      (10, 13)
      (10, 16)
      (11, 12)
      (11, 17)
      (11, 18)
      (12, 13)
      (12, 16)
      (13, 16)
      (14, 18)
      (15, 18)
      (18, 19) }
---------------- 

** G7: |V|=20  V={0,1,...,19}
(u, v) E = { 
      ( 0,  3)
      ( 0, 13)
      ( 0, 14)
      ( 1,  2)
      ( 1, 10)
      ( 1, 11)
      ( 2,  7)
      ( 2, 14)
      ( 2, 18)
      ( 3, 13)
      ( 3, 14)
      ( 4,  7)
      ( 4, 15)
      ( 5, 14)
      ( 5, 19)
      ( 7, 10)
      (10, 11)
      (10, 13)
      (10, 17)
      (10, 18)
      (11, 14)
      (12, 16)
      (13, 18) }
---------------- 

** G8: |V|=20  V={0,1,...,19}
(u, v) E = { 
      ( 0, 16)
      ( 0, 18)
      ( 1,  6)
      ( 1,  7)
      ( 1, 10)
      ( 2,  7)
      ( 2, 11)
      ( 2, 14)
      ( 2, 17)
      ( 3, 12)
      ( 4, 13)
      ( 4, 15)
      ( 5,  9)
      ( 5, 13)
      ( 5, 15)
      ( 6, 17)
      ( 7, 10)
      ( 8, 13)
      ( 9, 13)
      ( 9, 15)
      (10, 17)
      (16, 18) }
---------------- 

** G9: |V|=20  V={0,1,...,19}
(u, v) E = { 
      ( 0,  5)
      ( 0,  8)
      ( 0, 19)
      ( 1, 19)
      ( 2,  4)
      ( 2, 13)
      ( 3,  7)
      ( 4,  6)
      ( 4, 13)
      ( 4, 14)
      ( 4, 16)
      ( 5, 15)
      ( 5, 19)
      ( 6, 10)
      ( 7,  9)
      ( 7, 18)
      ( 8, 15)
      (11, 19)
      (13, 14)
      (13, 16)
      (14, 16)
      (15, 19) }
---------------- 

** G10: |V|=20  V={0,1,...,19}
(u, v) E = { 
      ( 0, 11)
      ( 0, 15)
      ( 0, 18)
      ( 1,  2)
      ( 1, 16)
      ( 1, 19)
      ( 2,  3)
      ( 2,  4)
      ( 3,  4)
      ( 3,  8)
      ( 3, 19)
      ( 4,  6)
      ( 4,  8)
      ( 4, 13)
      ( 4, 19)
      ( 6, 13)
      ( 7, 10)
      ( 7, 12)
      ( 7, 14)
      ( 8, 13)
      ( 9, 10)
      ( 9, 14)
      (11, 15)
      (12, 14)
      (15, 18)
      (17, 19) }
---------------- 

** G11: |V|=30  V={0,1,...,29}
(u, v) E = { 
      ( 0,  1)
      ( 0,  2)
      ( 0,  6)
      ( 0,  7)
      ( 0, 10)
      ( 0, 11)
      ( 0, 13)
      ( 0, 14)
      ( 0, 15)
      ( 0, 16)
      ( 0, 18)
      ( 0, 19)
      ( 0, 20)
      ( 0, 22)
      ( 0, 25)
      ( 0, 26)
      ( 0, 27)
      ( 0, 28)
      ( 0, 29)
      ( 1,  2)
      ( 1,  3)
      ( 1,  4)
      ( 1,  5)
      ( 1,  8)
      ( 1, 10)
      ( 1, 11)
      ( 1, 12)
      ( 1, 13)
      ( 1, 14)
      ( 1, 15)
      ( 1, 16)
      ( 1, 18)
      ( 1, 19)
      ( 1, 21)
      ( 1, 22)
      ( 1, 24)
      ( 1, 25)
      ( 1, 27)
      ( 1, 29)
      ( 2,  4)
      ( 2,  5)
      ( 2,  6)
      ( 2,  7)
      ( 2,  8)
      ( 2, 12)
      ( 2, 13)
      ( 2, 16)
      ( 2, 17)
      ( 2, 19)
      ( 2, 20)
      ( 2, 21)
      ( 2, 22)
      ( 2, 24)
      ( 2, 25)
      ( 2, 29)
      ( 3,  4)
      ( 3,  8)
      ( 3,  9)
      ( 3, 11)
      ( 3, 12)
      ( 3, 15)
      ( 3, 16)
      ( 3, 17)
      ( 3, 18)
      ( 3, 20)
      ( 3, 21)
      ( 3, 24)
      ( 3, 26)
      ( 3, 27)
      ( 3, 29)
      ( 4,  8)
      ( 4,  9)
      ( 4, 10)
      ( 4, 12)
      ( 4, 13)
      ( 4, 17)
      ( 4, 18)
      ( 4, 19)
      ( 4, 26)
      ( 4, 29)
      ( 5,  7)
      ( 5,  9)
      ( 5, 11)
      ( 5, 12)
      ( 5, 13)
      ( 5, 14)
      ( 5, 15)
      ( 5, 18)
      ( 5, 19)
      ( 5, 20)
      ( 5, 21)
      ( 5, 22)
      ( 5, 24)
      ( 5, 28)
      ( 6,  7)
      ( 6,  9)
      ( 6, 10)
      ( 6, 14)
      ( 6, 16)
      ( 6, 17)
      ( 6, 18)
      ( 6, 20)
      ( 6, 21)
      ( 6, 24)
      ( 6, 25)
      ( 6, 26)
      ( 6, 28)
      ( 6, 29)
      ( 7,  8)
      ( 7, 10)
      ( 7, 11)
      ( 7, 12)
      ( 7, 14)
      ( 7, 15)
      ( 7, 19)
      ( 7, 20)
      ( 7, 21)
      ( 7, 22)
      ( 7, 24)
      ( 7, 25)
      ( 7, 26)
      ( 7, 28)
      ( 7, 29)
      ( 8,  9)
      ( 8, 10)
      ( 8, 13)
      ( 8, 16)
      ( 8, 18)
      ( 8, 20)
      ( 8, 21)
      ( 8, 25)
      ( 8, 26)
      ( 8, 28)
      ( 9, 11)
      ( 9, 14)
      ( 9, 15)
      ( 9, 16)
      ( 9, 19)
      ( 9, 22)
      ( 9, 24)
      ( 9, 27)
      ( 9, 28)
      ( 9, 29)
      (10, 11)
      (10, 14)
      (10, 17)
      (10, 20)
      (10, 22)
      (10, 26)
      (10, 27)
      (10, 29)
      (11, 13)
      (11, 20)
      (11, 21)
      (11, 22)
      (11, 25)
      (11, 26)
      (11, 28)
      (12, 16)
      (12, 17)
      (12, 18)
      (12, 19)
      (12, 21)
      (12, 22)
      (12, 24)
      (12, 26)
      (12, 27)
      (13, 14)
      (13, 21)
      (13, 23)
      (13, 27)
      (13, 28)
      (13, 29)
      (14, 17)
      (14, 19)
      (14, 21)
      (14, 22)
      (14, 24)
      (14, 28)
      (15, 18)
      (15, 21)
      (15, 24)
      (15, 25)
      (15, 27)
      (15, 28)
      (16, 17)
      (16, 20)
      (16, 21)
      (16, 22)
      (16, 24)
      (16, 25)
      (16, 27)
      (16, 29)
      (17, 18)
      (17, 19)
      (17, 20)
      (17, 21)
      (17, 22)
      (17, 24)
      (17, 27)
      (17, 28)
      (17, 29)
      (18, 19)
      (18, 22)
      (18, 24)
      (18, 25)
      (18, 26)
      (18, 27)
      (18, 29)
      (19, 21)
      (19, 22)
      (19, 25)
      (19, 26)
      (19, 28)
      (19, 29)
      (20, 22)
      (20, 26)
      (20, 27)
      (20, 29)
      (21, 22)
      (21, 28)
      (21, 29)
      (22, 24)
      (22, 27)
      (24, 25)
      (24, 26)
      (24, 27)
      (25, 27)
      (26, 28)
      (26, 29)
      (28, 29) }
---------------- 

** G12: |V|=30  V={0,1,...,29}
(u, v) E = { 
      ( 0,  1)
      ( 0,  7)
      ( 0,  8)
      ( 0, 18)
      ( 1, 23)
      ( 1, 24)
      ( 1, 27)
      ( 1, 29)
      ( 3,  9)
      ( 3, 12)
      ( 3, 26)
      ( 4, 25)
      ( 5, 17)
      ( 5, 21)
      ( 5, 29)
      ( 6,  7)
      ( 6, 15)
      ( 6, 24)
      ( 7, 10)
      ( 7, 21)
      ( 7, 27)
      ( 7, 29)
      ( 8, 11)
      ( 8, 17)
      ( 8, 29)
      ( 9, 12)
      ( 9, 26)
      (10, 19)
      (10, 22)
      (11, 13)
      (11, 14)
      (11, 18)
      (11, 22)
      (12, 26)
      (13, 16)
      (13, 22)
      (14, 15)
      (14, 17)
      (14, 18)
      (15, 20)
      (15, 23)
      (15, 27)
      (17, 29)
      (18, 23)
      (19, 20)
      (19, 22)
      (19, 24)
      (20, 27)
      (21, 24)
      (21, 27)
      (23, 29) }
---------------- 

** G13: |V|=30  V={0,1,...,29}
(u, v) E = { 
      ( 0,  1)
      ( 0,  2)
      ( 0,  3)
      ( 0,  4)
      ( 0,  5)
      ( 0,  6)
      ( 0,  7)
      ( 0,  9)
      ( 0, 11)
      ( 0, 13)
      ( 0, 14)
      ( 0, 15)
      ( 0, 17)
      ( 0, 21)
      ( 0, 22)
      ( 0, 24)
      ( 0, 26)
      ( 0, 27)
      ( 0, 28)
      ( 0, 29)
      ( 1,  2)
      ( 1,  4)
      ( 1,  5)
      ( 1,  6)
      ( 1,  7)
      ( 1,  9)
      ( 1, 10)
      ( 1, 13)
      ( 1, 16)
      ( 1, 19)
      ( 1, 21)
      ( 1, 22)
      ( 1, 23)
      ( 1, 24)
      ( 1, 27)
      ( 1, 29)
      ( 2,  5)
      ( 2,  9)
      ( 2, 11)
      ( 2, 12)
      ( 2, 13)
      ( 2, 14)
      ( 2, 15)
      ( 2, 16)
      ( 2, 17)
      ( 2, 18)
      ( 2, 24)
      ( 2, 27)
      ( 2, 28)
      ( 2, 29)
      ( 3,  5)
      ( 3,  6)
      ( 3,  7)
      ( 3,  9)
      ( 3, 10)
      ( 3, 12)
      ( 3, 14)
      ( 3, 16)
      ( 3, 21)
      ( 3, 22)
      ( 3, 23)
      ( 3, 26)
      ( 3, 27)
      ( 3, 29)
      ( 4,  7)
      ( 4, 10)
      ( 4, 11)
      ( 4, 12)
      ( 4, 14)
      ( 4, 17)
      ( 4, 18)
      ( 4, 19)
      ( 4, 21)
      ( 4, 22)
      ( 4, 23)
      ( 4, 25)
      ( 4, 26)
      ( 4, 29)
      ( 5,  7)
      ( 5, 10)
      ( 5, 14)
      ( 5, 15)
      ( 5, 19)
      ( 5, 20)
      ( 5, 21)
      ( 5, 22)
      ( 5, 26)
      ( 5, 28)
      ( 5, 29)
      ( 6,  7)
      ( 6,  8)
      ( 6,  9)
      ( 6, 10)
      ( 6, 11)
      ( 6, 14)
      ( 6, 15)
      ( 6, 16)
      ( 6, 17)
      ( 6, 18)
      ( 6, 20)
      ( 6, 21)
      ( 6, 23)
      ( 6, 27)
      ( 6, 29)
      ( 7, 11)
      ( 7, 14)
      ( 7, 19)
      ( 7, 20)
      ( 7, 24)
      ( 7, 27)
      ( 7, 29)
      ( 9, 10)
      ( 9, 12)
      ( 9, 13)
      ( 9, 15)
      ( 9, 16)
      ( 9, 17)
      ( 9, 20)
      ( 9, 21)
      ( 9, 24)
      ( 9, 25)
      ( 9, 28)
      ( 9, 29)
      (10, 11)
      (10, 12)
      (10, 16)
      (10, 18)
      (10, 23)
      (10, 25)
      (10, 27)
      (10, 29)
      (11, 13)
      (11, 14)
      (11, 15)
      (11, 16)
      (11, 17)
      (11, 19)
      (11, 20)
      (11, 22)
      (11, 23)
      (11, 24)
      (11, 26)
      (12, 15)
      (12, 16)
      (12, 18)
      (12, 19)
      (12, 20)
      (12, 21)
      (12, 23)
      (12, 24)
      (12, 25)
      (12, 26)
      (12, 28)
      (12, 29)
      (13, 14)
      (13, 15)
      (13, 19)
      (13, 21)
      (13, 26)
      (13, 28)
      (13, 29)
      (14, 16)
      (14, 17)
      (14, 18)
      (14, 19)
      (14, 20)
      (14, 21)
      (14, 23)
      (14, 25)
      (14, 26)
      (14, 27)
      (14, 28)
      (14, 29)
      (15, 16)
      (15, 17)
      (15, 20)
      (15, 23)
      (15, 24)
      (15, 28)
      (15, 29)
      (16, 17)
      (16, 18)
      (16, 19)
      (16, 20)
      (16, 25)
      (16, 27)
      (17, 18)
      (17, 19)
      (17, 20)
      (17, 22)
      (17, 23)
      (17, 25)
      (17, 27)
      (17, 28)
      (18, 22)
      (18, 23)
      (18, 24)
      (18, 25)
      (18, 27)
      (18, 28)
      (19, 23)
      (19, 25)
      (19, 28)
      (19, 29)
      (20, 22)
      (20, 23)
      (20, 24)
      (20, 25)
      (20, 26)
      (20, 27)
      (20, 28)
      (20, 29)
      (21, 27)
      (21, 29)
      (22, 23)
      (22, 25)
      (22, 27)
      (22, 29)
      (23, 24)
      (23, 26)
      (23, 28)
      (23, 29)
      (24, 26)
      (24, 27)
      (24, 28)
      (24, 29)
      (25, 26)
      (26, 27)
      (28, 29) }
---------------- 

** G14: |V|=30  V={0,1,...,29}
(u, v) E = { 
      ( 0, 19)
      ( 0, 21)
      ( 0, 27)
      ( 0, 28)
      ( 1,  2)
      ( 1, 22)
      ( 2, 22)
      ( 3,  8)
      ( 3, 15)
      ( 3, 20)
      ( 3, 21)
      ( 3, 27)
      ( 4, 10)
      ( 4, 11)
      ( 4, 13)
      ( 4, 17)
      ( 4, 29)
      ( 5,  6)
      ( 5,  9)
      ( 5, 10)
      ( 5, 17)
      ( 6,  9)
      ( 6, 13)
      ( 6, 14)
      ( 6, 16)
      ( 6, 29)
      ( 7, 16)
      ( 7, 23)
      ( 8, 19)
      ( 8, 21)
      ( 8, 28)
      ( 9, 11)
      ( 9, 12)
      ( 9, 18)
      ( 9, 23)
      (10, 14)
      (10, 17)
      (10, 29)
      (11, 23)
      (12, 14)
      (12, 16)
      (12, 18)
      (12, 29)
      (13, 14)
      (14, 23)
      (14, 24)
      (14, 29)
      (15, 19)
      (15, 21)
      (15, 26)
      (15, 27)
      (15, 28)
      (16, 23)
      (17, 29)
      (18, 23)
      (19, 20)
      (19, 26)
      (20, 26)
      (20, 27)
      (20, 28)
      (21, 27)
      (21, 28)
      (26, 27) }
---------------- 

** G15: |V|=30  V={0,1,...,29}
(u, v) E = { 
      ( 0,  3)
      ( 0,  5)
      ( 0,  7)
      ( 0,  8)
      ( 0,  9)
      ( 0, 12)
      ( 0, 13)
      ( 0, 14)
      ( 0, 15)
      ( 0, 17)
      ( 0, 18)
      ( 0, 21)
      ( 0, 23)
      ( 0, 24)
      ( 0, 25)
      ( 0, 29)
      ( 1,  2)
      ( 1,  3)
      ( 1,  6)
      ( 1,  7)
      ( 1, 13)
      ( 1, 14)
      ( 1, 16)
      ( 1, 19)
      ( 1, 21)
      ( 1, 22)
      ( 1, 23)
      ( 1, 24)
      ( 1, 25)
      ( 1, 28)
      ( 2,  4)
      ( 2,  6)
      ( 2,  7)
      ( 2, 10)
      ( 2, 11)
      ( 2, 12)
      ( 2, 14)
      ( 2, 15)
      ( 2, 17)
      ( 2, 19)
      ( 2, 21)
      ( 2, 22)
      ( 2, 23)
      ( 2, 24)
      ( 2, 28)
      ( 2, 29)
      ( 3,  4)
      ( 3,  5)
      ( 3,  6)
      ( 3,  9)
      ( 3, 12)
      ( 3, 13)
      ( 3, 14)
      ( 3, 17)
      ( 3, 18)
      ( 3, 19)
      ( 3, 25)
      ( 3, 26)
      ( 3, 27)
      ( 4,  6)
      ( 4, 10)
      ( 4, 11)
      ( 4, 12)
      ( 4, 14)
      ( 4, 15)
      ( 4, 17)
      ( 4, 21)
      ( 4, 22)
      ( 4, 23)
      ( 4, 24)
      ( 4, 26)
      ( 4, 29)
      ( 5,  6)
      ( 5,  7)
      ( 5,  8)
      ( 5,  9)
      ( 5, 10)
      ( 5, 15)
      ( 5, 17)
      ( 5, 22)
      ( 5, 23)
      ( 5, 26)
      ( 5, 28)
      ( 6, 10)
      ( 6, 11)
      ( 6, 12)
      ( 6, 15)
      ( 6, 16)
      ( 6, 21)
      ( 6, 22)
      ( 6, 23)
      ( 6, 25)
      ( 6, 28)
      ( 6, 29)
      ( 7,  8)
      ( 7,  9)
      ( 7, 10)
      ( 7, 11)
      ( 7, 12)
      ( 7, 13)
      ( 7, 15)
      ( 7, 16)
      ( 7, 17)
      ( 7, 23)
      ( 7, 25)
      ( 7, 26)
      ( 8, 10)
      ( 8, 12)
      ( 8, 16)
      ( 8, 17)
      ( 8, 19)
      ( 8, 21)
      ( 8, 26)
      ( 8, 27)
      ( 8, 28)
      ( 8, 29)
      ( 9, 10)
      ( 9, 16)
      ( 9, 19)
      ( 9, 23)
      ( 9, 24)
      ( 9, 25)
      ( 9, 27)
      ( 9, 28)
      ( 9, 29)
      (10, 14)
      (10, 17)
      (10, 21)
      (10, 23)
      (10, 24)
      (10, 25)
      (10, 26)
      (10, 28)
      (10, 29)
      (11, 14)
      (11, 15)
      (11, 19)
      (11, 21)
      (11, 22)
      (11, 23)
      (11, 24)
      (11, 25)
      (11, 29)
      (12, 14)
      (12, 16)
      (12, 18)
      (12, 19)
      (12, 26)
      (12, 27)
      (12, 28)
      (12, 29)
      (13, 15)
      (13, 16)
      (13, 17)
      (13, 18)
      (13, 21)
      (13, 22)
      (13, 23)
      (13, 24)
      (13, 26)
      (13, 28)
      (14, 15)
      (14, 16)
      (14, 19)
      (14, 22)
      (14, 23)
      (14, 26)
      (14, 27)
      (14, 28)
      (15, 16)
      (15, 18)
      (15, 19)
      (15, 22)
      (15, 24)
      (15, 25)
      (15, 26)
      (15, 27)
      (15, 28)
      (15, 29)
      (16, 18)
      (16, 19)
      (16, 22)
      (16, 23)
      (16, 25)
      (16, 28)
      (16, 29)
      (17, 21)
      (17, 23)
      (17, 25)
      (17, 26)
      (17, 28)
      (18, 19)
      (18, 20)
      (18, 24)
      (18, 25)
      (18, 28)
      (18, 29)
      (19, 21)
      (19, 23)
      (19, 24)
      (19, 26)
      (19, 28)
      (21, 23)
      (21, 25)
      (21, 26)
      (22, 23)
      (22, 24)
      (22, 26)
      (22, 27)
      (22, 28)
      (23, 24)
      (23, 25)
      (23, 28)
      (23, 29)
      (24, 25)
      (24, 26)
      (24, 27)
      (24, 28)
      (24, 29)
      (25, 26)
      (25, 27)
      (25, 28)
      (25, 29)
      (26, 29)
      (27, 28)
      (28, 29) }
---------------- 

** G16: |V|=40  V={0,1,...,39}
(u, v) E = { 
      ( 0,  1)
      ( 0,  6)
      ( 0, 23)
      ( 0, 34)
      ( 0, 39)
      ( 1, 12)
      ( 1, 21)
      ( 1, 22)
      ( 1, 24)
      ( 1, 26)
      ( 1, 27)
      ( 1, 36)
      ( 2,  7)
      ( 2, 33)
      ( 2, 38)
      ( 3,  4)
      ( 3, 15)
      ( 3, 30)
      ( 4, 15)
      ( 4, 30)
      ( 5,  6)
      ( 5, 18)
      ( 5, 29)
      ( 6, 23)
      ( 6, 24)
      ( 6, 32)
      ( 6, 35)
      ( 7, 33)
      ( 7, 38)
      ( 8, 11)
      ( 8, 12)
      ( 8, 28)
      ( 8, 36)
      ( 8, 37)
      ( 9, 24)
      ( 9, 25)
      ( 9, 28)
      (10, 11)
      (10, 13)
      (10, 24)
      (10, 26)
      (10, 27)
      (10, 36)
      (11, 20)
      (11, 23)
      (11, 27)
      (11, 37)
      (12, 13)
      (12, 17)
      (12, 20)
      (12, 22)
      (12, 23)
      (12, 28)
      (12, 29)
      (12, 34)
      (13, 17)
      (13, 20)
      (13, 22)
      (13, 24)
      (14, 19)
      (15, 30)
      (16, 17)
      (16, 20)
      (16, 22)
      (16, 23)
      (16, 24)
      (16, 25)
      (16, 32)
      (16, 39)
      (17, 21)
      (17, 28)
      (17, 31)
      (17, 34)
      (18, 21)
      (18, 24)
      (18, 25)
      (18, 28)
      (18, 31)
      (20, 26)
      (20, 36)
      (21, 27)
      (22, 23)
      (22, 26)
      (22, 27)
      (22, 29)
      (22, 37)
      (23, 25)
      (24, 27)
      (24, 31)
      (24, 37)
      (25, 27)
      (25, 28)
      (25, 32)
      (25, 34)
      (25, 37)
      (25, 39)
      (26, 29)
      (26, 32)
      (28, 29)
      (28, 31)
      (28, 34)
      (29, 32)
      (31, 32)
      (32, 34)
      (32, 36)
      (33, 38)
      (34, 37)
      (36, 37)
      (36, 39) }
---------------- 

** G17: |V|=40  V={0,1,...,39}
(u, v) E = { 
      ( 0,  9)
      ( 0, 18)
      ( 0, 32)
      ( 0, 34)
      ( 1, 12)
      ( 1, 14)
      ( 1, 21)
      ( 1, 26)
      ( 2,  7)
      ( 2,  9)
      ( 2, 20)
      ( 2, 34)
      ( 2, 36)
      ( 3, 11)
      ( 3, 17)
      ( 3, 27)
      ( 3, 29)
      ( 3, 33)
      ( 4, 23)
      ( 4, 25)
      ( 5, 12)
      ( 5, 21)
      ( 5, 24)
      ( 5, 26)
      ( 6,  8)
      ( 6, 11)
      ( 6, 15)
      ( 6, 17)
      ( 6, 27)
      ( 6, 29)
      ( 7,  9)
      ( 7, 16)
      ( 7, 30)
      ( 7, 34)
      ( 8, 15)
      ( 8, 17)
      ( 8, 27)
      ( 8, 33)
      ( 9, 18)
      ( 9, 22)
      ( 9, 28)
      ( 9, 35)
      ( 9, 39)
      (10, 19)
      (11, 13)
      (11, 17)
      (11, 27)
      (11, 29)
      (11, 33)
      (12, 14)
      (12, 21)
      (12, 24)
      (12, 26)
      (13, 15)
      (13, 29)
      (14, 24)
      (14, 26)
      (15, 33)
      (15, 37)
      (16, 22)
      (16, 32)
      (17, 27)
      (17, 29)
      (17, 33)
      (18, 34)
      (18, 35)
      (18, 39)
      (20, 28)
      (20, 35)
      (21, 24)
      (22, 30)
      (22, 31)
      (23, 25)
      (24, 26)
      (27, 29)
      (27, 33)
      (28, 31)
      (28, 36)
      (29, 33)
      (30, 31)
      (30, 35)
      (30, 39)
      (31, 39)
      (32, 34)
      (32, 39)
      (34, 35)
      (36, 38) }
---------------- 

** G18: |V|=40  V={0,1,...,39}
(u, v) E = { 
      ( 0,  6)
      ( 0, 18)
      ( 0, 30)
      ( 1,  2)
      ( 1,  5)
      ( 1, 22)
      ( 1, 27)
      ( 1, 35)
      ( 2,  5)
      ( 2, 22)
      ( 2, 27)
      ( 2, 35)
      ( 3,  8)
      ( 3, 20)
      ( 3, 23)
      ( 3, 24)
      ( 3, 31)
      ( 3, 32)
      ( 3, 36)
      ( 3, 38)
      ( 4,  8)
      ( 4, 11)
      ( 4, 28)
      ( 4, 29)
      ( 4, 39)
      ( 5, 22)
      ( 5, 27)
      ( 5, 35)
      ( 6, 18)
      ( 6, 30)
      ( 7, 10)
      ( 7, 16)
      ( 7, 26)
      ( 7, 33)
      ( 7, 34)
      ( 7, 37)
      ( 8,  9)
      ( 8, 15)
      ( 8, 17)
      ( 8, 23)
      ( 8, 25)
      ( 8, 28)
      ( 9, 12)
      ( 9, 17)
      ( 9, 19)
      ( 9, 20)
      ( 9, 21)
      ( 9, 31)
      (10, 16)
      (10, 26)
      (10, 33)
      (10, 34)
      (10, 37)
      (11, 14)
      (11, 21)
      (11, 38)
      (11, 39)
      (12, 14)
      (12, 19)
      (12, 23)
      (12, 28)
      (13, 15)
      (14, 21)
      (14, 24)
      (14, 29)
      (14, 32)
      (15, 17)
      (15, 23)
      (15, 28)
      (15, 29)
      (15, 32)
      (16, 26)
      (16, 33)
      (16, 34)
      (17, 25)
      (17, 28)
      (17, 31)
      (17, 38)
      (18, 30)
      (19, 20)
      (19, 21)
      (19, 28)
      (20, 38)
      (21, 25)
      (21, 29)
      (22, 27)
      (22, 35)
      (23, 32)
      (23, 36)
      (24, 36)
      (24, 38)
      (25, 29)
      (25, 31)
      (25, 36)
      (25, 38)
      (26, 33)
      (26, 34)
      (26, 37)
      (27, 35)
      (28, 32)
      (29, 31)
      (29, 36)
      (29, 38)
      (31, 39)
      (33, 34)
      (33, 37)
      (36, 39) }
---------------- 

** G19: |V|=40  V={0,1,...,39}
(u, v) E = { 
      ( 0,  2)
      ( 0, 11)
      ( 0, 12)
      ( 0, 26)
      ( 0, 37)
      ( 1,  2)
      ( 1,  6)
      ( 1, 27)
      ( 1, 30)
      ( 1, 35)
      ( 1, 36)
      ( 1, 37)
      ( 2, 12)
      ( 2, 19)
      ( 2, 20)
      ( 2, 23)
      ( 2, 27)
      ( 2, 30)
      ( 2, 36)
      ( 3, 10)
      ( 3, 16)
      ( 3, 22)
      ( 3, 28)
      ( 3, 38)
      ( 4,  7)
      ( 4, 13)
      ( 4, 17)
      ( 4, 21)
      ( 4, 32)
      ( 4, 34)
      ( 5,  6)
      ( 5,  9)
      ( 5, 18)
      ( 5, 24)
      ( 5, 26)
      ( 6, 24)
      ( 6, 26)
      ( 6, 27)
      ( 6, 30)
      ( 6, 35)
      ( 6, 36)
      ( 6, 37)
      ( 7, 13)
      ( 7, 17)
      ( 7, 21)
      ( 7, 32)
      ( 7, 34)
      ( 9, 11)
      ( 9, 14)
      ( 9, 37)
      (10, 16)
      (10, 22)
      (10, 28)
      (10, 38)
      (11, 24)
      (11, 27)
      (11, 31)
      (11, 33)
      (12, 23)
      (12, 25)
      (12, 26)
      (12, 29)
      (12, 39)
      (13, 17)
      (13, 21)
      (13, 32)
      (13, 34)
      (14, 15)
      (14, 29)
      (14, 33)
      (14, 35)
      (14, 36)
      (14, 37)
      (15, 31)
      (15, 33)
      (16, 22)
      (16, 28)
      (16, 38)
      (17, 21)
      (17, 32)
      (17, 34)
      (18, 30)
      (18, 36)
      (18, 37)
      (19, 20)
      (19, 26)
      (19, 29)
      (19, 33)
      (20, 37)
      (20, 39)
      (21, 32)
      (21, 34)
      (22, 28)
      (22, 38)
      (23, 24)
      (23, 29)
      (23, 39)
      (24, 26)
      (26, 35)
      (26, 36)
      (26, 39)
      (27, 33)
      (27, 36)
      (30, 31)
      (32, 34)
      (33, 37)
      (37, 39) }
---------------- 

** G20: |V|=40  V={0,1,...,39}
(u, v) E = { 
      ( 0, 12)
      ( 0, 30)
      ( 0, 33)
      ( 1,  7)
      ( 1, 11)
      ( 1, 17)
      ( 1, 23)
      ( 1, 27)
      ( 1, 36)
      ( 1, 39)
      ( 2, 10)
      ( 2, 24)
      ( 2, 28)
      ( 2, 32)
      ( 2, 33)
      ( 2, 34)
      ( 3, 21)
      ( 3, 29)
      ( 3, 32)
      ( 3, 33)
      ( 4,  5)
      ( 4, 25)
      ( 4, 30)
      ( 4, 32)
      ( 4, 38)
      ( 5,  6)
      ( 5, 13)
      ( 5, 20)
      ( 5, 21)
      ( 5, 24)
      ( 5, 26)
      ( 5, 29)
      ( 5, 30)
      ( 6, 13)
      ( 6, 21)
      ( 6, 37)
      ( 6, 38)
      ( 7, 23)
      ( 7, 27)
      ( 7, 36)
      ( 7, 39)
      ( 8,  9)
      ( 8, 15)
      ( 8, 16)
      ( 8, 19)
      ( 8, 22)
      ( 8, 31)
      ( 8, 35)
      ( 9, 15)
      ( 9, 16)
      ( 9, 19)
      ( 9, 31)
      ( 9, 35)
      (10, 13)
      (10, 18)
      (10, 21)
      (10, 25)
      (10, 30)
      (10, 32)
      (11, 17)
      (11, 23)
      (11, 27)
      (11, 36)
      (11, 39)
      (12, 18)
      (12, 21)
      (12, 24)
      (12, 25)
      (12, 26)
      (12, 38)
      (13, 20)
      (13, 28)
      (13, 30)
      (13, 37)
      (14, 15)
      (15, 16)
      (15, 19)
      (15, 31)
      (15, 35)
      (16, 19)
      (16, 22)
      (16, 35)
      (17, 23)
      (17, 27)
      (17, 36)
      (17, 39)
      (18, 21)
      (18, 24)
      (18, 25)
      (18, 30)
      (18, 32)
      (18, 37)
      (18, 38)
      (19, 22)
      (19, 31)
      (19, 35)
      (20, 21)
      (20, 28)
      (20, 30)
      (20, 34)
      (20, 37)
      (20, 38)
      (21, 24)
      (21, 26)
      (21, 29)
      (21, 30)
      (21, 34)
      (21, 38)
      (22, 35)
      (23, 27)
      (23, 36)
      (23, 39)
      (24, 28)
      (24, 29)
      (24, 30)
      (24, 38)
      (25, 26)
      (25, 28)
      (25, 29)
      (25, 30)
      (25, 32)
      (25, 37)
      (26, 32)
      (26, 34)
      (26, 38)
      (27, 36)
      (27, 39)
      (28, 30)
      (28, 32)
      (28, 34)
      (31, 35)
      (32, 37)
      (33, 34)
      (33, 38)
      (34, 37)
      (34, 38)
      (36, 39) }
---------------- 

